25 6 19 2 10 0 0 0 0 0 0 0 0 0 0 0 0 0 0 0 0 0 0 0 0
20 23 3 8 24 0 0 0 0 0 0 0 0 0 0 0 0 0 0 0 0 0 0 0 0
12 11 7 16 17 0 0 0 0 0 0 0 0 0 0 0 0 0 0 0 0 0 0 0 0
9 21 14 13 4 0 0 0 0 0 0 0 0 0 0 0 0 0 0 0 0 0 0 0 0
15 1 22 18 5 0 0 0 0 0 0 0 0 0 0 0 0 0 0 0 0 0 0 0 0
3 17 10 14 13 0 0 0 0 0 0 0 0 0 0 0 0 0 0 0 0 0 0 0 0
23 7 15 22 6 0 0 0 0 0 0 0 0 0 0 0 0 0 0 0 0 0 0 0 0
19 18 8 1 20 0 0 0 0 0 0 0 0 0 0 0 0 0 0 0 0 0 0 0 0
5 9 4 24 16 0 0 0 0 0 0 0 0 0 0 0 0 0 0 0 0 0 0 0 0
2 12 21 11 25 0 0 0 0 0 0 0 0 0 0 0 0 0 0 0 0 0 0 0 0
24 10 9 15 2 0 0 0 0 0 0 0 0 0 0 0 0 0 0 0 0 0 0 0 0
16 20 11 21 22 0 0 0 0 0 0 0 0 0 0 0 0 0 0 0 0 0 0 0 0
6 8 17 7 1 0 0 0 0 0 0 0 0 0 0 0 0 0 0 0 0 0 0 0 0
13 3 23 12 18 0 0 0 0 0 0 0 0 0 0 0 0 0 0 0 0 0 0 0 0
4 25 5 19 14 0 0 0 0 0 0 0 0 0 0 0 0 0 0 0 0 0 0 0 0
17 5 2 4 19 0 0 0 0 0 0 0 0 0 0 0 0 0 0 0 0 0 0 0 0
11 13 12 23 8 0 0 0 0 0 0 0 0 0 0 0 0 0 0 0 0 0 0 0 0
22 14 18 6 15 0 0 0 0 0 0 0 0 0 0 0 0 0 0 0 0 0 0 0 0
1 16 25 10 0 0 0 0 0 0 0 0 0 0 0 0 0 0 0 0 0 0 0 0 0
7 24 20 3 0 0 0 0 0 0 0 0 0 0 0 0 0 0 0 0 0 0 0 0 0
8 19 1 17 0 0 0 0 0 0 0 0 0 0 0 0 0 0 0 0 0 0 0 0 0
14 4 13 9 0 0 0 0 0 0 0 0 0 0 0 0 0 0 0 0 0 0 0 0 0
10 22 16 5 0 0 0 0 0 0 0 0 0 0 0 0 0 0 0 0 0 0 0 0 0
18 2 24 20 0 0 0 0 0 0 0 0 0 0 0 0 0 0 0 0 0 0 0 0 0
21 15 6 25 0 0 0 0 0 0 0 0 0 0 0 0 0 0 0 0 0 0 0 0 0
