18 0 0 0 5 3 0 0 0 13 12 0 0 0 4 10 0 0 0 9 11 0 0 0 15
0 0 0 0 0 0 0 0 0 0 0 0 0 0 0 0 0 0 0 0 0 0 0 0 0
0 0 0 0 0 0 0 0 0 0 0 0 0 0 0 0 0 0 0 0 0 0 0 0 0
0 0 0 0 0 0 0 0 0 0 0 0 0 0 0 0 0 0 0 0 0 0 0 0 0
19 0 0 0 10 25 0 0 0 18 2 0 0 0 5 23 0 0 0 22 7 0 0 0 8
11 0 0 0 22 4 0 0 0 24 20 0 0 0 7 18 0 0 0 19 6 0 0 0 25
0 0 0 0 0 0 0 0 0 0 0 0 0 0 0 0 0 0 0 0 0 0 0 0 0
0 0 0 0 0 0 0 0 0 0 0 0 0 0 0 0 0 0 0 0 0 0 0 0 0
0 0 0 0 0 0 0 0 0 0 0 0 0 0 0 0 0 0 0 0 0 0 0 0 0
7 0 0 0 1 18 0 0 0 16 3 0 0 0 14 22 0 0 0 8 4 0 0 0 13
6 0 0 0 8 15 0 0 0 5 13 0 0 0 24 25 0 0 0 1 16 0 0 0 21
0 0 0 0 0 0 0 0 0 0 0 0 0 0 0 0 0 0 0 0 0 0 0 0 0
0 0 0 0 0 0 0 0 0 0 0 0 0 0 0 0 0 0 0 0 0 0 0 0 0
0 0 0 0 0 0 0 0 0 0 0 0 0 0 0 0 0 0 0 0 0 0 0 0 0
17 0 0 0 11 14 0 0 0 25 6 0 0 0 2 19 0 0 0 23 8 0 0 0 22
4 0 0 0 24 7 0 0 0 6 1 0 0 0 23 15 0 0 0 2 14 0 0 0 20
0 0 0 0 0 0 0 0 0 0 0 0 0 0 0 0 0 0 0 0 0 0 0 0 0
0 0 0 0 0 0 0 0 0 0 0 0 0 0 0 0 0 0 0 0 0 0 0 0 0
0 0 0 0 0 0 0 0 0 0 0 0 0 0 0 0 0 0 0 0 0 0 0 0 0
14 0 0 0 13 23 0 0 0 22 25 0 0 0 17 24 0 0 0 12 9 0 0 0 10
12 0 0 0 9 21 0 0 0 14 10 0 0 0 8 17 0 0 0 3 20 0 0 0 1
0 0 0 0 0 0 0 0 0 0 0 0 0 0 0 0 0 0 0 0 0 0 0 0 0
0 0 0 0 0 0 0 0 0 0 0 0 0 0 0 0 0 0 0 0 0 0 0 0 0
0 0 0 0 0 0 0 0 0 0 0 0 0 0 0 0 0 0 0 0 0 0 0 0 0
23 0 0 0 2 13 0 0 0 11 4 0 0 0 3 1 0 0 0 6 25 0 0 0 14
