7 0 0 0 4 1 0 0 0 12 9 0 0 0 3 24 0 0 0 10 18 0 0 0 8
0 0 0 0 0 0 0 0 0 0 0 0 0 0 0 0 0 0 0 0 0 0 0 0 0
0 0 0 0 0 0 0 0 0 0 0 0 0 0 0 0 0 0 0 0 0 0 0 0 0
0 0 0 0 0 0 0 0 0 0 0 0 0 0 0 0 0 0 0 0 0 0 0 0 0
5 0 0 0 13 17 0 0 0 10 12 0 0 0 6 18 0 0 0 2 24 0 0 0 11
17 0 0 0 1 8 0 0 0 23 14 0 0 0 9 12 0 0 0 25 11 0 0 0 2
0 0 0 0 0 0 0 0 0 0 0 0 0 0 0 0 0 0 0 0 0 0 0 0 0
0 0 0 0 0 0 0 0 0 0 0 0 0 0 0 0 0 0 0 0 0 0 0 0 0
0 0 0 0 0 0 0 0 0 0 0 0 0 0 0 0 0 0 0 0 0 0 0 0 0
13 0 0 0 14 20 0 0 0 21 23 0 0 0 16 5 0 0 0 17 4 0 0 0 9
22 0 0 0 15 25 0 0 0 19 5 0 0 0 8 10 0 0 0 14 16 0 0 0 12
0 0 0 0 0 0 0 0 0 0 0 0 0 0 0 0 0 0 0 0 0 0 0 0 0
0 0 0 0 0 0 0 0 0 0 0 0 0 0 0 0 0 0 0 0 0 0 0 0 0
0 0 0 0 0 0 0 0 0 0 0 0 0 0 0 0 0 0 0 0 0 0 0 0 0
12 0 0 0 10 15 0 0 0 8 18 0 0 0 2 23 0 0 0 9 21 0 0 0 1
14 0 0 0 24 10 0 0 0 11 20 0 0 0 17 1 0 0 0 16 9 0 0 0 3
0 0 0 0 0 0 0 0 0 0 0 0 0 0 0 0 0 0 0 0 0 0 0 0 0
0 0 0 0 0 0 0 0 0 0 0 0 0 0 0 0 0 0 0 0 0 0 0 0 0
0 0 0 0 0 0 0 0 0 0 0 0 0 0 0 0 0 0 0 0 0 0 0 0 0
10 0 0 0 25 19 0 0 0 16 6 0 0 0 4 15 0 0 0 23 1 0 0 0 5
19 0 0 0 2 11 0 0 0 17 22 0 0 0 24 3 0 0 0 8 5 0 0 0 13
0 0 0 0 0 0 0 0 0 0 0 0 0 0 0 0 0 0 0 0 0 0 0 0 0
0 0 0 0 0 0 0 0 0 0 0 0 0 0 0 0 0 0 0 0 0 0 0 0 0
0 0 0 0 0 0 0 0 0 0 0 0 0 0 0 0 0 0 0 0 0 0 0 0 0
21 0 0 0 6 5 0 0 0 2 8 0 0 0 14 25 0 0 0 13 3 0 0 0 23
