15 8 3 5 2 13 10 0 0 0 0 0 0 0 0 0
13 9 6 7 4 16 5 0 0 0 0 0 0 0 0 0
16 1 12 10 3 8 6 0 0 0 0 0 0 0 0 0
14 2 4 11 12 1 7 0 0 0 0 0 0 0 0 0
11 4 15 1 13 14 9 0 0 0 0 0 0 0 0 0
6 5 16 13 1 4 15 0 0 0 0 0 0 0 0 0
9 10 8 3 16 11 12 0 0 0 0 0 0 0 0 0
12 7 2 14 8 10 3 0 0 0 0 0 0 0 0 0
1 11 9 12 15 2 0 0 0 0 0 0 0 0 0 0
4 3 5 16 7 9 0 0 0 0 0 0 0 0 0 0
10 13 7 6 14 3 0 0 0 0 0 0 0 0 0 0
8 15 14 2 6 5 0 0 0 0 0 0 0 0 0 0
2 12 11 15 5 7 0 0 0 0 0 0 0 0 0 0
7 16 10 8 11 6 0 0 0 0 0 0 0 0 0 0
5 14 13 9 10 12 0 0 0 0 0 0 0 0 0 0
3 6 1 4 9 15 0 0 0 0 0 0 0 0 0 0
